     0/199     15.6G    0.0383  0.007367   0.01008   0.05574       288       640     0.626    0.6836    0.6622    0.3584   0.01959  0.003367  0.005402
     1/199     18.1G   0.02576  0.004703  0.004235    0.0347       263       640    0.7447    0.8114    0.7899    0.5015   0.01504  0.002297  0.002515
     2/199     18.1G   0.02124  0.003688  0.002614   0.02754       324       640    0.7769    0.8622    0.8537    0.5387   0.01455  0.002012  0.001837
     3/199     18.1G    0.0192  0.003438  0.002072    0.0247       270       640    0.7816     0.883    0.8763    0.5769   0.01339  0.001917  0.001486
     4/199     18.1G   0.01817  0.003297  0.001782   0.02325       251       640    0.7938    0.8993    0.8671    0.5806   0.01284  0.001893 0.0009444
     5/199     18.1G   0.01773  0.003232  0.001657   0.02262       287       640    0.8082    0.8834    0.8894    0.5996   0.01283  0.001873  0.001236
     6/199     18.1G   0.01726  0.003169  0.001516   0.02195       313       640     0.821    0.9079    0.9103    0.6359   0.01203  0.001728  0.001426
     7/199     18.1G    0.0169  0.003117  0.001483    0.0215       300       640    0.8118    0.9292    0.9161    0.6455   0.01171  0.001734 0.0009778
     8/199     18.1G   0.01676  0.003099   0.00138   0.02124       319       640    0.8277    0.9213    0.9223    0.6657   0.01138  0.001685  0.001054
     9/199     18.1G   0.01653  0.003088  0.001396   0.02101       296       640    0.8223    0.9227    0.9238    0.6664   0.01129  0.001687   0.00106
    10/199     18.1G   0.01636   0.00306   0.00133   0.02075       275       640    0.8285    0.9292     0.923    0.6683   0.01101  0.001663  0.001018
    11/199     18.1G   0.01628  0.003026   0.00129   0.02059       262       640    0.8401    0.9152    0.9344    0.6785   0.01119  0.001654 0.0007612
    12/199     18.1G   0.01616  0.003018  0.001275   0.02045       283       640    0.8293    0.9376    0.9335    0.6825     0.011  0.001624 0.0008411
    13/199     18.1G   0.01613  0.003019  0.001256   0.02041       327       640    0.8456    0.9245     0.937    0.6883   0.01086  0.001599 0.0007877
    14/199     18.1G   0.01604  0.002993  0.001242   0.02028       268       640    0.8387    0.9357    0.9423    0.6972   0.01081  0.001601 0.0007241
    15/199     18.1G   0.01592  0.002986  0.001234   0.02014       230       640    0.8501    0.9269    0.9426    0.6996   0.01065  0.001561 0.0008726
    16/199     18.1G    0.0159  0.002961  0.001217   0.02008       297       640    0.8598    0.9271    0.9476    0.7051   0.01064   0.00155 0.0008167
    17/199     18.1G   0.01579  0.002966  0.001177   0.01994       254       640     0.878    0.9323    0.9538    0.7138   0.01061  0.001513  0.000742
    18/199     18.1G   0.01574  0.002961  0.001155   0.01985       298       640    0.8795    0.9178    0.9502    0.7159   0.01041  0.001519 0.0007657
    19/199     18.1G   0.01565  0.002961  0.001109   0.01972       338       640    0.8699    0.9262    0.9493    0.7136   0.01046  0.001511  0.001002
    20/199     18.1G   0.01557   0.00292  0.001153   0.01964       271       640    0.8698     0.933    0.9513    0.7176   0.01036  0.001513   0.00068
    21/199     18.1G   0.01551   0.00292  0.001091   0.01953       282       640    0.8523    0.9437    0.9487    0.7179   0.01032  0.001519 0.0008672
    22/199     18.1G   0.01552  0.002944  0.001141    0.0196       278       640     0.866    0.9308    0.9492    0.7209   0.01022  0.001506 0.0008208
    23/199     18.1G   0.01548  0.002914  0.001106    0.0195       316       640    0.8621    0.9433      0.95    0.7228   0.01018  0.001498 0.0008577
    24/199     18.1G   0.01544   0.00291  0.001092   0.01944       297       640    0.8725    0.9306    0.9513    0.7254   0.01015  0.001476 0.0008557
    25/199     18.1G   0.01538  0.002906   0.00106   0.01934       278       640    0.8719    0.9362    0.9493    0.7252   0.01017  0.001462 0.0009241
    26/199     18.1G   0.01535  0.002899  0.001083   0.01933       306       640    0.8745    0.9311    0.9527     0.729   0.01015  0.001463 0.0008006
    27/199     18.1G   0.01528  0.002891  0.001094   0.01927       316       640    0.8823    0.9232    0.9553     0.733   0.01011  0.001459 0.0007719
    28/199     18.1G   0.01527  0.002899  0.001055   0.01922       280       640    0.8676    0.9415    0.9546    0.7313   0.01007  0.001461 0.0007674
    29/199     18.1G   0.01519  0.002875  0.001062   0.01912       264       640    0.8712    0.9394     0.956    0.7326   0.01001  0.001455 0.0008251
    30/199     18.1G   0.01526  0.002872  0.001073   0.01921       271       640    0.8744    0.9429    0.9588    0.7365  0.009969  0.001442 0.0007518
    31/199     18.1G    0.0152  0.002881   0.00105   0.01913       308       640    0.8923    0.9283    0.9589    0.7379  0.009912  0.001427 0.0007233
    32/199     18.1G   0.01513   0.00287  0.001034   0.01903       269       640    0.8974    0.9257    0.9583    0.7394  0.009858  0.001426 0.0006989
    33/199     18.1G   0.01515  0.002867  0.001041   0.01906       318       640     0.901    0.9226    0.9591    0.7399  0.009835  0.001424 0.0006805
    34/199     18.1G   0.01508  0.002857  0.001048   0.01898       302       640    0.8897    0.9349     0.959    0.7403  0.009833  0.001425 0.0006659
    35/199     18.1G   0.01503  0.002862  0.001015   0.01891       241       640    0.8907    0.9305    0.9583     0.741  0.009814  0.001428 0.0006431
    36/199     18.1G    0.0149  0.002851   0.00102   0.01877       277       640    0.8913    0.9315    0.9597    0.7419  0.009797  0.001427 0.0006177
    37/199     18.1G   0.01495   0.00285  0.001031   0.01883       322       640    0.8876    0.9389    0.9599    0.7428  0.009796  0.001423 0.0006454
    38/199     18.1G   0.01493  0.002855 0.0009799   0.01877       301       640    0.8873    0.9379    0.9585    0.7417  0.009849   0.00142 0.0007136
    39/199     18.1G   0.01487  0.002828 0.0009874   0.01868       265       640    0.8929    0.9298    0.9584    0.7412   0.00986  0.001423 0.0007049
    40/199     18.1G   0.01485  0.002822 0.0009811   0.01866       280       640    0.8972    0.9284    0.9593    0.7417  0.009858  0.001419 0.0007257
    41/199     18.1G   0.01477  0.002827 0.0009749   0.01857       292       640    0.8866    0.9402    0.9598    0.7408   0.00987  0.001418 0.0007066
    42/199     18.1G   0.01473  0.002837 0.0009718   0.01854       295       640    0.8951    0.9306    0.9584    0.7408  0.009886   0.00142 0.0007295
    43/199     18.1G   0.01471  0.002809 0.0009638   0.01848       281       640    0.8938    0.9303    0.9567    0.7387  0.009878  0.001426 0.0007221
    44/199     18.1G   0.01464  0.002812 0.0009541   0.01841       271       640    0.8984    0.9247    0.9575    0.7408  0.009851  0.001426 0.0007252
    45/199     18.1G    0.0147  0.002813 0.0009326   0.01845       293       640    0.8903    0.9321    0.9575    0.7394  0.009857  0.001424   0.00073
    46/199     18.1G   0.01465  0.002811 0.0009579   0.01842       287       640    0.8878    0.9357    0.9572     0.738  0.009866  0.001425 0.0007019
    47/199     18.1G    0.0146  0.002797 0.0009561   0.01835       293       640    0.8885    0.9321    0.9558    0.7379  0.009864  0.001428 0.0007413
    48/199     18.1G   0.01462  0.002799 0.0009615   0.01838       294       640    0.8957    0.9245     0.958    0.7366  0.009897  0.001427 0.0007568
    49/199     18.1G   0.01455  0.002789 0.0009295   0.01826       312       640    0.8845    0.9325    0.9589     0.738  0.009868  0.001424  0.000714
    50/199     18.1G   0.01452  0.002799 0.0009124   0.01823       268       640     0.887    0.9342    0.9612    0.7386  0.009924  0.001424 0.0006454
    51/199     18.1G   0.01459  0.002763 0.0009283   0.01828       296       640    0.8954    0.9218    0.9585    0.7375  0.009916  0.001433  0.000712
    52/199     18.1G   0.01445  0.002791 0.0009238   0.01817       274       640     0.889    0.9243    0.9555    0.7322  0.009953  0.001441 0.0007103
    53/199     18.1G   0.01449  0.002789 0.0009153   0.01819       339       640    0.8761    0.9378    0.9526    0.7294  0.009993  0.001449 0.0006865
    54/199     18.1G   0.01444  0.002777 0.0008982   0.01811       249       640    0.8683    0.9412    0.9517    0.7253   0.01002  0.001461  0.000681
    55/199     18.1G   0.01444  0.002776 0.0009018   0.01811       300       640    0.8689    0.9356    0.9516    0.7236   0.01007  0.001469 0.0007173
    56/199     18.1G   0.01441  0.002768 0.0009017   0.01808       305       640    0.8737    0.9328    0.9527    0.7246   0.01009  0.001465 0.0007672
    57/199     18.1G   0.01436  0.002781 0.0009002   0.01804       268       640    0.8723    0.9357    0.9518    0.7228   0.01011  0.001468 0.0007577
    58/199     18.1G   0.01438  0.002763 0.0008742   0.01801       321       640    0.8774    0.9321    0.9536    0.7245   0.01013  0.001467 0.0007787
    59/199     18.1G   0.01435  0.002743 0.0008862   0.01797       274       640    0.8697    0.9361    0.9531    0.7236   0.01011  0.001475 0.0007758
    60/199     18.1G   0.01432  0.002769 0.0008692   0.01795       309       640    0.8692    0.9356    0.9534    0.7203   0.01013  0.001479 0.0007431
    61/199     18.1G   0.01424  0.002754 0.0008672   0.01786       292       640    0.8743    0.9394    0.9566    0.7222   0.01013  0.001467 0.0006996
    62/199     18.1G   0.01428  0.002762 0.0008715   0.01791       266       640      0.88    0.9356    0.9573    0.7255   0.01012  0.001467  0.000647
    63/199     18.1G   0.01428  0.002761  0.000874   0.01791       291       640    0.8765    0.9376     0.958    0.7265   0.01009  0.001466 0.0006797
    64/199     18.1G   0.01425  0.002746 0.0008599   0.01786       314       640    0.8683    0.9438    0.9548    0.7228   0.01008  0.001475 0.0006586
    65/199     18.1G   0.01419  0.002748 0.0008528   0.01779       278       640    0.8716    0.9432    0.9561    0.7235    0.0101  0.001474 0.0006374
    66/199     18.1G   0.01419  0.002752 0.0008363   0.01777       274       640     0.879     0.936    0.9561    0.7242   0.01013  0.001475 0.0006717
    67/199     18.1G    0.0142  0.002745   0.00086   0.01781       284       640     0.871    0.9427    0.9559    0.7275   0.01008  0.001476 0.0006859
    68/199     18.1G   0.01415  0.002738 0.0008737   0.01776       299       640    0.8631    0.9437    0.9554    0.7256   0.01007  0.001478 0.0006885
    69/199     18.1G    0.0142   0.00273 0.0008516   0.01778       249       640    0.8682    0.9428    0.9561    0.7255    0.0101  0.001481 0.0006695
    70/199     18.1G    0.0141  0.002724 0.0008582   0.01768       248       640    0.8768    0.9339    0.9569    0.7246   0.01015   0.00148  0.000642
    71/199     18.1G   0.01417  0.002741 0.0008696   0.01778       270       640    0.8762    0.9356    0.9569    0.7208   0.01017  0.001488 0.0005775
    72/199     18.1G   0.01413  0.002739 0.0008515   0.01772       287       640    0.8805    0.9356    0.9576    0.7206   0.01017  0.001482 0.0005566
    73/199     18.1G   0.01407  0.002723  0.000831   0.01762       264       640    0.8779    0.9371    0.9581    0.7201   0.01015  0.001484 0.0005483
    74/199     18.1G   0.01401   0.00274 0.0008451    0.0176       301       640    0.8831    0.9342    0.9594    0.7222   0.01013  0.001484 0.0005452
    75/199     18.1G   0.01407  0.002722  0.000848   0.01764       307       640    0.8862    0.9313    0.9595    0.7252   0.01013  0.001478 0.0005465
    76/199     18.1G   0.01407  0.002708 0.0008348   0.01761       330       640    0.8865    0.9252    0.9586    0.7239   0.01016  0.001479 0.0005467
    77/199     18.1G   0.01405  0.002712 0.0008282   0.01759       294       640    0.8859    0.9263    0.9584    0.7225   0.01015  0.001481 0.0005602
    78/199     18.1G   0.01413  0.002726 0.0008478    0.0177       286       640    0.8868    0.9259    0.9584    0.7248   0.01011  0.001481 0.0005246
    79/199     18.1G   0.01405  0.002726 0.0008285   0.01761       264       640    0.8941    0.9175    0.9582    0.7238   0.01009  0.001478 0.0005327
    80/199     18.1G   0.01402  0.002718 0.0008231   0.01756       286       640    0.8867    0.9284    0.9591     0.725   0.01007  0.001474 0.0005129
    81/199     18.1G   0.01402  0.002702 0.0008249   0.01755       306       640    0.8895    0.9279    0.9604    0.7267   0.01003   0.00147 0.0004874
    82/199     18.1G   0.01397  0.002727  0.000801    0.0175       266       640    0.8889    0.9333    0.9621    0.7283   0.01001  0.001467 0.0005022
    83/199     18.1G   0.01391  0.002714 0.0008092   0.01743       272       640    0.8938     0.933    0.9629    0.7317  0.009974  0.001458 0.0005018
    84/199     18.1G   0.01393  0.002691 0.0008013   0.01742       282       640    0.8937    0.9341    0.9627     0.733  0.009995  0.001457 0.0005004
    85/199     18.1G   0.01391  0.002713 0.0008046   0.01743       259       640    0.8966    0.9356    0.9632    0.7357  0.009977  0.001458 0.0005108
    86/199     18.1G   0.01395  0.002719  0.000806   0.01747       312       640    0.9005    0.9338    0.9638    0.7362  0.009937  0.001456 0.0005042
    87/199     18.1G   0.01386    0.0027 0.0007938   0.01735       253       640    0.8995    0.9354    0.9636    0.7374  0.009902  0.001452 0.0004942
    88/199     18.1G   0.01384  0.002705 0.0008224   0.01736       290       640    0.8961    0.9392    0.9643    0.7388  0.009848  0.001448  0.000489
    89/199     18.1G   0.01389  0.002683 0.0008017   0.01738       255       640    0.8981    0.9357    0.9645    0.7396  0.009817  0.001444 0.0004863
    90/199     18.1G   0.01388  0.002696 0.0008132   0.01738       282       640    0.9001    0.9345     0.965    0.7401  0.009788  0.001441 0.0004803
    91/199     18.1G    0.0139  0.002714 0.0007989   0.01742       262       640    0.9031    0.9119    0.9445    0.7275  0.009762   0.00144  0.000481
    92/199     18.1G   0.01386  0.002715 0.0007846   0.01736       287       640    0.9031    0.9355    0.9652    0.7427   0.00973  0.001437 0.0004864
    93/199     18.1G   0.01384    0.0027 0.0008128   0.01735       306       640    0.9045    0.9342    0.9655    0.7428  0.009723  0.001432 0.0004841
    94/199     18.1G   0.01383  0.002698 0.0007816   0.01731       286       640    0.9043    0.9342    0.9656    0.7439  0.009699  0.001426 0.0004823
    95/199     18.1G   0.01383  0.002685 0.0007875    0.0173       283       640    0.9056    0.9338    0.9659     0.745  0.009677  0.001421 0.0004816
    96/199     18.1G   0.01375  0.002673 0.0007967   0.01722       271       640     0.908    0.9312     0.966    0.7458  0.009646  0.001416 0.0004835
    97/199     18.1G   0.01371  0.002687 0.0007698   0.01716       274       640     0.906    0.9339    0.9661    0.7474  0.009627   0.00141 0.0004834
    98/199     18.1G   0.01378  0.002676 0.0007829   0.01724       275       640     0.902    0.9389    0.9664    0.7482  0.009604  0.001406 0.0004806
    99/199     18.1G   0.01376  0.002668 0.0007842   0.01721       259       640    0.9069    0.9343    0.9666    0.7492  0.009584  0.001402 0.0004818
   100/199     18.1G    0.0137  0.002693 0.0007651   0.01715       278       640    0.9083    0.9247    0.9591    0.7439  0.009563  0.001399 0.0004779
   101/199     18.1G   0.01375  0.002684 0.0007671    0.0172       267       640    0.9034    0.9394    0.9669    0.7509  0.009546  0.001396 0.0004761
   102/199     18.1G    0.0138  0.002692 0.0007828   0.01728       291       640    0.9164    0.9255     0.967    0.7518  0.009526  0.001393 0.0004777
   103/199     18.1G    0.0137  0.002673 0.0007731   0.01715       292       640    0.9156    0.9265    0.9671    0.7522  0.009505   0.00139 0.0004759
   104/199     18.1G   0.01374  0.002672 0.0007665   0.01717       277       640    0.9146    0.9277    0.9671    0.7524  0.009488  0.001387 0.0004775
   105/199     18.1G   0.01362  0.002651 0.0007608   0.01703       286       640      0.91    0.9322    0.9671    0.7535  0.009475  0.001385  0.000478
   106/199     18.1G   0.01365   0.00267 0.0007589   0.01708       323       640    0.9157    0.9261    0.9671    0.7544  0.009463  0.001383 0.0004779
   107/199     18.1G   0.01364  0.002679 0.0007531   0.01707       280       640    0.9119    0.9299    0.9671    0.7554  0.009456  0.001381 0.0004827
   108/199     18.1G   0.01366  0.002649  0.000779   0.01709       289       640      0.91    0.9332    0.9671    0.7562  0.009447   0.00138 0.0004881
   109/199     18.1G    0.0136  0.002673 0.0007333     0.017       236       640    0.9145    0.9266    0.9653     0.755  0.009435  0.001378 0.0004899
   110/199     18.1G    0.0136  0.002664 0.0007508   0.01701       277       640    0.9145    0.9276     0.967    0.7573  0.009425  0.001377 0.0004938
   111/199     18.1G   0.01358  0.002657 0.0007446   0.01698       300       640    0.9114    0.9316     0.967     0.757  0.009419  0.001376 0.0004932
   112/199     18.1G   0.01356  0.002654 0.0007467   0.01696       275       640    0.9109    0.9321    0.9669    0.7574  0.009413  0.001375  0.000494
   113/199     18.1G   0.01358  0.002643 0.0007592   0.01698       265       640    0.9125    0.9238    0.9602     0.753  0.009404  0.001373 0.0004936
   114/199     18.1G   0.01356  0.002653 0.0007292   0.01694       280       640    0.9105    0.9332    0.9668     0.759  0.009392  0.001372 0.0004956
   115/199     18.1G   0.01353  0.002648 0.0007221    0.0169       259       640    0.9096    0.9078    0.9453    0.7422  0.009384  0.001371 0.0005026
   116/199     18.1G   0.01352  0.002641 0.0007309   0.01689       280       640    0.9135    0.9256     0.964    0.7566  0.009377  0.001369 0.0005116
   117/199     18.1G   0.01346  0.002633 0.0007292   0.01683       303       640    0.9131    0.8958    0.9346    0.7339  0.009368  0.001368  0.000519
   118/199     18.1G    0.0135  0.002644 0.0007164   0.01687       294       640    0.9048    0.9375    0.9661    0.7592  0.009363  0.001367  0.000526
   119/199     18.1G   0.01348  0.002628  0.000737   0.01684       300       640    0.9054    0.9113     0.941    0.7396  0.009356  0.001366 0.0005245
   120/199     18.1G   0.01351   0.00263 0.0007341   0.01687       257       640    0.9041    0.9381    0.9663    0.7593  0.009351  0.001365  0.000528
   121/199     18.1G   0.01345  0.002646  0.000716   0.01681       284       640    0.9047    0.9374    0.9663    0.7593  0.009347  0.001364 0.0005252
   122/199     18.1G   0.01352  0.002644 0.0007398    0.0169       297       640    0.9058    0.9253    0.9554    0.7517  0.009343  0.001363 0.0005281
   123/199     18.1G   0.01347  0.002634 0.0007196   0.01682       308       640    0.9057    0.9372    0.9664    0.7599  0.009341  0.001362 0.0005263
   124/199     18.1G   0.01345  0.002635 0.0007318   0.01682       299       640    0.9028    0.9392     0.966    0.7603  0.009334  0.001361 0.0005318
   125/199     18.1G   0.01336  0.002634  0.000699   0.01669       315       640     0.904    0.9271    0.9544    0.7515  0.009325   0.00136 0.0005407
   126/199     18.1G   0.01339  0.002626 0.0007227   0.01674       256       640    0.9104    0.8926     0.928    0.7317  0.009317  0.001359 0.0005504
   127/199     18.1G   0.01341  0.002636 0.0007047   0.01675       285       640    0.9047    0.9386    0.9657    0.7605  0.009306  0.001359 0.0005518
   128/199     18.1G    0.0134  0.002627 0.0007043   0.01673       313       640    0.9024    0.9413    0.9655    0.7604  0.009297  0.001358 0.0005522
   129/199     18.1G   0.01333  0.002625 0.0007071   0.01666       297       640    0.8995    0.9434    0.9654    0.7606  0.009289  0.001358 0.0005578
   130/199     18.1G   0.01335  0.002629 0.0007157    0.0167       276       640    0.8998    0.9431    0.9653    0.7611  0.009278  0.001357 0.0005595
   131/199     18.1G   0.01335  0.002627  0.000687   0.01667       322       640    0.8998    0.9425    0.9652     0.761  0.009271  0.001356 0.0005597
   132/199     18.1G    0.0133  0.002626 0.0007137   0.01664       249       640    0.8996    0.9412    0.9649    0.7613  0.009265  0.001356 0.0005633
   133/199     18.1G   0.01326  0.002607 0.0006889   0.01656       310       640    0.9033    0.9369    0.9647    0.7619  0.009254  0.001356 0.0005695
   134/199     18.1G   0.01334  0.002607 0.0006879   0.01664       273       640    0.9001    0.9409    0.9646    0.7619  0.009246  0.001355 0.0005746
   135/199     18.1G   0.01329  0.002609 0.0006977   0.01659       307       640    0.9039    0.9367    0.9647    0.7621   0.00924  0.001355 0.0005816
   136/199     18.1G   0.01322  0.002598 0.0006908   0.01651       314       640    0.9043    0.9364    0.9646    0.7622  0.009234  0.001354 0.0005858
   137/199     18.1G   0.01333  0.002594 0.0006934   0.01661       278       640    0.9036    0.9366    0.9644    0.7623  0.009228  0.001354 0.0005943
   138/199     18.1G   0.01319   0.00261 0.0006824   0.01648       270       640    0.9036    0.9364    0.9645    0.7629  0.009223  0.001353 0.0005945
   139/199     18.1G   0.01325  0.002617 0.0006892   0.01656       317       640    0.8985    0.9424    0.9645    0.7626   0.00922  0.001353 0.0005968
   140/199     18.1G    0.0132  0.002605 0.0006928    0.0165       272       640    0.8996    0.9421    0.9645     0.763  0.009213  0.001352 0.0005941
   141/199     18.1G   0.01317  0.002596 0.0006676   0.01644       313       640    0.9004    0.9406    0.9645     0.763  0.009208  0.001352 0.0005941
   142/199     18.1G   0.01319  0.002595  0.000688   0.01648       336       640    0.9014    0.9397    0.9644    0.7633  0.009205  0.001351 0.0005943
   143/199     18.1G   0.01314  0.002599 0.0006734   0.01642       307       640       0.9    0.9415    0.9643    0.7634  0.009203  0.001351 0.0005972
   144/199     18.1G   0.01308  0.002595 0.0006464   0.01632       303       640    0.8989    0.9416    0.9644    0.7633  0.009198  0.001351 0.0005983
   145/199     18.1G   0.01315  0.002586 0.0006687   0.01641       283       640    0.9033    0.9366    0.9644    0.7634  0.009195  0.001351  0.000601
   146/199     18.1G   0.01312  0.002566 0.0006315   0.01632       269       640    0.9002    0.9402    0.9642    0.7636  0.009195  0.001351 0.0006042
   147/199     18.1G   0.01312  0.002573 0.0006642   0.01635       270       640    0.9072    0.9324    0.9642    0.7633  0.009194   0.00135 0.0006071
   148/199     18.1G   0.01311  0.002605 0.0006536   0.01637       289       640    0.9032     0.936    0.9639    0.7631  0.009191   0.00135 0.0006138
   149/199     18.1G   0.01306  0.002591 0.0006439    0.0163       310       640    0.9072     0.932    0.9639    0.7634  0.009185   0.00135 0.0006163
   150/199     18.1G   0.01309  0.002598 0.0006415   0.01633       286       640    0.9042    0.9357     0.964    0.7635  0.009182   0.00135 0.0006126
   151/199     18.1G   0.01304  0.002587 0.0006581   0.01628       275       640    0.9052    0.9346    0.9641    0.7638  0.009181   0.00135 0.0006104
   152/199     18.1G   0.01311  0.002575 0.0006425   0.01633       297       640    0.9014    0.9388    0.9641    0.7639  0.009179  0.001349 0.0006114
   153/199     18.1G   0.01305  0.002574 0.0006604   0.01628       263       640    0.9017    0.9385    0.9642    0.7641  0.009178  0.001349 0.0006128
   154/199     18.1G   0.01296  0.002568 0.0006444   0.01618       271       640    0.8992    0.9414    0.9642    0.7638  0.009178  0.001348 0.0006138
   155/199     18.1G   0.01305  0.002578 0.0006419   0.01627       317       640    0.9091    0.9302    0.9642     0.764  0.009177  0.001348 0.0006128
   156/199     18.1G   0.01298  0.002572  0.000629   0.01618       300       640    0.9044     0.935    0.9642    0.7641  0.009174  0.001348 0.0006129
   157/199     18.1G   0.01299  0.002574 0.0006432   0.01621       289       640    0.9082    0.9316    0.9644     0.764  0.009172  0.001347 0.0006123
   158/199     18.1G   0.01294  0.002561 0.0006365   0.01614       318       640    0.9086    0.9317    0.9643    0.7641  0.009176  0.001347 0.0006084
   159/199     18.1G   0.01294   0.00257 0.0006451   0.01615       255       640    0.9061    0.9338    0.9643    0.7646  0.009177  0.001347 0.0006091
   160/199     18.1G   0.01299  0.002549 0.0006583   0.01619       269       640    0.9087    0.9309    0.9645    0.7646  0.009173  0.001346 0.0006106
   161/199     18.1G   0.01296  0.002543 0.0006198   0.01612       296       640     0.906    0.9342    0.9648     0.765  0.009168  0.001346 0.0006103
   162/199     18.1G   0.01294  0.002568 0.0006242   0.01613       293       640     0.905    0.9351    0.9649    0.7656  0.009163  0.001345 0.0006125
   163/199     18.1G   0.01283  0.002547  0.000612   0.01599       310       640    0.9017     0.939    0.9648    0.7658  0.009156  0.001345 0.0006115
   164/199     18.1G   0.01289  0.002552 0.0006203   0.01606       308       640    0.9056    0.9349     0.965    0.7659  0.009152  0.001344 0.0006057
   165/199     18.1G   0.01292  0.002543 0.0006429   0.01611       282       640    0.9047     0.937    0.9649    0.7662  0.009148  0.001344 0.0006084
   166/199     18.1G   0.01285  0.002555 0.0005986   0.01601       288       640    0.9055    0.9364    0.9649    0.7664  0.009147  0.001344 0.0006075
   167/199     18.1G   0.01288  0.002553 0.0006052   0.01604       267       640    0.9052    0.9365     0.965    0.7665  0.009146  0.001344 0.0006055
   168/199     18.1G   0.01283  0.002548 0.0006084   0.01599       284       640    0.9088    0.9329    0.9651    0.7667  0.009147  0.001343 0.0006032
   169/199     18.1G   0.01286  0.002538  0.000606   0.01601       333       640    0.9073    0.9351    0.9652    0.7667   0.00915  0.001343 0.0005982
   170/199     18.1G   0.01286  0.002539 0.0006206   0.01602       280       640    0.9068    0.9356    0.9652    0.7671  0.009151  0.001342 0.0005971
   171/199     18.1G   0.01283  0.002551 0.0006173   0.01599       243       640    0.9088    0.9349    0.9653     0.767   0.00915  0.001342 0.0005944
   172/199     18.1G    0.0128  0.002531 0.0006047   0.01594       311       640    0.9093    0.9342    0.9653    0.7667  0.009149  0.001342 0.0005944
   173/199     18.1G   0.01283   0.00253 0.0006406     0.016       259       640    0.9072    0.9357    0.9653    0.7671  0.009146  0.001341 0.0005931
   174/199     18.1G   0.01285  0.002533 0.0006005   0.01599       314       640    0.9073    0.9353    0.9652    0.7674  0.009143  0.001341 0.0005978
   175/199     18.1G   0.01286  0.002561 0.0006166   0.01604       260       640    0.9085    0.9339    0.9653    0.7674  0.009141  0.001341 0.0006032
   176/199     18.1G    0.0128  0.002534 0.0006077   0.01594       327       640     0.908    0.9347    0.9652    0.7677  0.009139  0.001341 0.0006049
   177/199     18.1G   0.01279  0.002542 0.0006194   0.01595       307       640    0.9071    0.9365    0.9653    0.7678  0.009137  0.001341  0.000602
   178/199     18.1G   0.01278  0.002518 0.0005911   0.01589       275       640    0.9082    0.9352    0.9652    0.7677  0.009138  0.001341 0.0006017
   179/199     18.1G   0.01277  0.002536 0.0005934    0.0159       312       640    0.9077    0.9355    0.9652    0.7676  0.009137   0.00134 0.0006058
   180/199     18.1G   0.01278  0.002533 0.0006212   0.01593       298       640    0.9073    0.9355    0.9652     0.768  0.009136   0.00134 0.0006036
   181/199     18.1G   0.01274  0.002526 0.0006044   0.01587       292       640    0.9082    0.9346    0.9651     0.768  0.009136   0.00134 0.0006083
   182/199     18.1G   0.01273   0.00252 0.0005946   0.01585       321       640    0.9084    0.9342    0.9652    0.7679  0.009136   0.00134 0.0006093
   183/199     18.1G   0.01271  0.002533 0.0005848   0.01583       323       640    0.9081    0.9346    0.9651    0.7676  0.009138   0.00134 0.0006133
   184/199     18.1G   0.01273   0.00253 0.0005885   0.01584       255       640    0.9031      0.94     0.965    0.7676  0.009138   0.00134 0.0006177
   185/199     18.1G   0.01277  0.002533 0.0006068   0.01591       263       640    0.9039    0.9391     0.965    0.7676  0.009138   0.00134 0.0006164
   186/199     18.1G    0.0127  0.002497 0.0006053    0.0158       276       640    0.9105    0.9313    0.9651    0.7676  0.009142  0.001341 0.0006148
   187/199     18.1G   0.01274   0.00253 0.0006064   0.01588       290       640    0.9072    0.9354    0.9651    0.7677  0.009141  0.001341 0.0006138
   188/199     18.1G   0.01273  0.002523 0.0005838   0.01584       271       640    0.9008    0.9433    0.9651     0.768  0.009139  0.001341 0.0006177
   189/199     18.1G   0.01271  0.002539 0.0005989   0.01584       301       640     0.901    0.9424    0.9652    0.7681  0.009137  0.001341 0.0006137
   190/199     18.1G   0.01279  0.002523 0.0005992   0.01591       316       640    0.9016    0.9418    0.9653    0.7687  0.009135  0.001341 0.0006063
   191/199     18.1G   0.01271  0.002523  0.000593   0.01583       255       640    0.9018    0.9418    0.9652    0.7685  0.009133  0.001341  0.000604
   192/199     18.1G   0.01268   0.00252 0.0005813   0.01578       312       640    0.9005    0.9425    0.9652    0.7684  0.009132  0.001342 0.0006029
   193/199     18.1G   0.01267  0.002517  0.000588   0.01577       263       640    0.9038    0.9387    0.9652    0.7687  0.009135  0.001342 0.0006027
   194/199     18.1G   0.01263  0.002522 0.0005846   0.01574       309       640    0.9089    0.9329    0.9652    0.7688  0.009139  0.001342  0.000604
   195/199     18.1G    0.0127  0.002515 0.0005796   0.01579       278       640    0.9082    0.9335    0.9651    0.7688  0.009142  0.001343 0.0006071
   196/199     18.1G    0.0127  0.002529 0.0005923   0.01582       286       640    0.9075    0.9345    0.9651    0.7685   0.00914  0.001343  0.000611
   197/199     18.1G    0.0127  0.002534 0.0006035   0.01584       287       640    0.8996    0.9434    0.9652    0.7684  0.009139  0.001343  0.000611
   198/199     18.1G   0.01272  0.002519 0.0005911   0.01583       306       640    0.9013    0.9414    0.9652    0.7689  0.009137  0.001342 0.0006103
   199/199     18.1G   0.01266  0.002519 0.0005872   0.01577       296       640    0.9024    0.9399    0.9653    0.7687  0.009133  0.001342 0.0006049
